c PicoSAT SAT Solver Version 965
c Copyright (c) 2006 - 2014 Armin Biere JKU Linz
c gcc -g -O2 -fdebug-prefix-map=/build/picosat-jdRevn/picosat-965=. -fstack-protector-strong -Wformat -Werror=format-security
c
c using 2 as default phase
c
c parsing infile.cnf
c parsed header 'p cnf 440 186282'
c initialized 440 variables
c found 186282 non trivial clauses
c
c random number generator seed 0
c 
c  seconds     variables   original    learned     agility
c         level        used      conflicts    limit          MB
c 
c s   0.1   0.0   300  95.9 170e3    32     0     0   0.0  20.5 
c 
c initial reduction limit 1000 clauses
c 
c +   0.1  48.4   300  95.9 170e3   132   100  1100   3.8  20.5 
c R   0.1  48.4   300  95.9 170e3   132   100  1100   3.8  20.5 
c +   0.2  49.1   300  95.9 170e3   253   221  1210   7.2  20.6 
c +   0.2  47.1   300  95.9 170e3   399   366  1331   8.2  20.6 
c R   0.2  46.5   300  95.9 170e3   433   400  1331   8.4  20.6 
c 1   0.2  44.7   300  98.0 170e3   461   428  1331   8.8  20.6 
c 
c  seconds     variables   original    learned     agility
c         level        used      conflicts    limit          MB
c 
s SATISFIABLE
v 1 2 -3 -4 -5 -6 -7 -8 -9 -10 -11 -12 -13 -14 -15 -16 -17 -18 19 -20 -21 -22
v -23 -24 -25 -26 -27 -28 -29 -30 -31 32 -33 -34 -35 -36 -37 -38 -39 -40 -41
v -42 -43 -44 -45 -46 -47 -48 -49 -50 -51 -52 -53 -54 -55 -56 57 -58 -59 -60
v -61 -62 -63 -64 -65 -66 -67 -68 -69 -70 -71 -72 -73 -74 -75 -76 -77 -78 -79
v -80 -81 -82 83 -84 -85 -86 -87 -88 -89 -90 -91 92 -93 -94 -95 -96 -97 -98 -99
v -100 -101 -102 -103 -104 -105 -106 -107 -108 -109 110 -111 -112 -113 -114
v -115 -116 -117 -118 -119 -120 -121 -122 -123 -124 -125 -126 -127 -128 -129
v -130 -131 -132 -133 -134 -135 136 -137 -138 -139 -140 -141 -142 -143 -144
v -145 -146 -147 -148 -149 -150 -151 -152 -153 -154 -155 -156 -157 -158 -159
v -160 -161 -162 -163 -164 -165 -166 -167 168 -169 -170 -171 172 -173 -174 -175
v -176 -177 -178 -179 -180 -181 -182 -183 -184 -185 -186 -187 -188 -189 -190
v -191 -192 -193 -194 -195 -196 -197 -198 -199 -200 -201 -202 -203 -204 -205
v -206 -207 -208 -209 -210 211 -212 -213 -214 -215 -216 -217 -218 -219 -220
v -221 -222 -223 -224 -225 -226 227 -228 -229 -230 -231 -232 -233 -234 -235
v -236 237 -238 -239 -240 -241 -242 -243 -244 -245 -246 -247 -248 -249 -250
v -251 -252 -253 -254 -255 -256 -257 -258 -259 -260 -261 -262 -263 -264 -265
v -266 -267 268 -269 -270 -271 -272 -273 -274 -275 -276 -277 -278 -279 -280
v -281 -282 -283 -284 -285 -286 -287 -288 -289 -290 291 -292 -293 -294 -295
v -296 -297 -298 -299 -300 -301 -302 -303 -304 -305 -306 -307 308 -309 -310
v -311 -312 -313 -314 -315 -316 -317 -318 -319 -320 -321 -322 -323 324 -325
v -326 -327 -328 -329 -330 -331 -332 -333 -334 -335 -336 -337 -338 -339 -340
v -341 -342 -343 -344 -345 -346 -347 -348 349 -350 -351 -352 -353 -354 -355
v -356 -357 -358 -359 -360 -361 -362 -363 364 -365 -366 -367 -368 -369 -370
v -371 -372 -373 -374 -375 -376 -377 -378 -379 -380 -381 -382 -383 -384 -385
v -386 -387 -388 -389 390 -391 -392 -393 -394 -395 -396 -397 -398 -399 -400
v -401 -402 -403 -404 -405 -406 -407 -408 -409 -410 -411 -412 -413 -414 -415
v -416 -417 -418 -419 -420 421 422 -423 -424 425 426 427 428 429 -430 -431 -432
v -433 -434 435 436 437 -438 -439 -440 0
c
c 0 iterations
c 3 restarts
c 32 failed literals
c 461 conflicts
c 1274 decisions
c 140 fixed variables
c 19701 learned literals
c 7.4% deleted literals
c 76148 propagations
c 5901971 visits
c 98.0% variables used
c 0.2 seconds in library
c 0.4 megaprops/second
c 28.1 megavisits/second
c probing 0.0 seconds 10%
c 1 simplifications
c 0 reductions
c 0.0 MB recycled
c 20.6 MB maximally allocated
c 0.2 seconds total run time
