1 2 3 4 5 0
-1 -2 0
-1 -3 0
-1 -4 0
-1 -5 0
-2 -3 0
-2 -4 0
-2 -5 0
-3 -4 0
-3 -5 0
-4 -5 0
6 7 8 9 10 0
-6 -7 0
-6 -8 0
-6 -9 0
-6 -10 0
-7 -8 0
-7 -9 0
-7 -10 0
-8 -9 0
-8 -10 0
-9 -10 0
11 12 13 14 15 0
-11 -12 0
-11 -13 0
-11 -14 0
-11 -15 0
-12 -13 0
-12 -14 0
-12 -15 0
-13 -14 0
-13 -15 0
-14 -15 0
16 17 18 19 20 0
-16 -17 0
-16 -18 0
-16 -19 0
-16 -20 0
-17 -18 0
-17 -19 0
-17 -20 0
-18 -19 0
-18 -20 0
-19 -20 0
21 22 23 24 25 0
-21 -22 0
-21 -23 0
-21 -24 0
-21 -25 0
-22 -23 0
-22 -24 0
-22 -25 0
-23 -24 0
-23 -25 0
-24 -25 0
26 27 28 29 30 0
-26 -27 0
-26 -28 0
-26 -29 0
-26 -30 0
-27 -28 0
-27 -29 0
-27 -30 0
-28 -29 0
-28 -30 0
-29 -30 0
31 32 33 34 35 0
-31 -32 0
-31 -33 0
-31 -34 0
-31 -35 0
-32 -33 0
-32 -34 0
-32 -35 0
-33 -34 0
-33 -35 0
-34 -35 0
36 37 38 39 40 0
-36 -37 0
-36 -38 0
-36 -39 0
-36 -40 0
-37 -38 0
-37 -39 0
-37 -40 0
-38 -39 0
-38 -40 0
-39 -40 0
41 42 43 44 45 0
-41 -42 0
-41 -43 0
-41 -44 0
-41 -45 0
-42 -43 0
-42 -44 0
-42 -45 0
-43 -44 0
-43 -45 0
-44 -45 0
46 47 48 49 50 0
-46 -47 0
-46 -48 0
-46 -49 0
-46 -50 0
-47 -48 0
-47 -49 0
-47 -50 0
-48 -49 0
-48 -50 0
-49 -50 0
51 52 53 54 55 0
-51 -52 0
-51 -53 0
-51 -54 0
-51 -55 0
-52 -53 0
-52 -54 0
-52 -55 0
-53 -54 0
-53 -55 0
-54 -55 0
56 57 58 59 60 0
-56 -57 0
-56 -58 0
-56 -59 0
-56 -60 0
-57 -58 0
-57 -59 0
-57 -60 0
-58 -59 0
-58 -60 0
-59 -60 0
61 62 63 64 65 0
-61 -62 0
-61 -63 0
-61 -64 0
-61 -65 0
-62 -63 0
-62 -64 0
-62 -65 0
-63 -64 0
-63 -65 0
-64 -65 0
66 67 68 69 70 0
-66 -67 0
-66 -68 0
-66 -69 0
-66 -70 0
-67 -68 0
-67 -69 0
-67 -70 0
-68 -69 0
-68 -70 0
-69 -70 0
71 72 73 74 75 0
-71 -72 0
-71 -73 0
-71 -74 0
-71 -75 0
-72 -73 0
-72 -74 0
-72 -75 0
-73 -74 0
-73 -75 0
-74 -75 0
76 77 78 79 80 0
-76 -77 0
-76 -78 0
-76 -79 0
-76 -80 0
-77 -78 0
-77 -79 0
-77 -80 0
-78 -79 0
-78 -80 0
-79 -80 0
81 82 83 84 85 0
-81 -82 0
-81 -83 0
-81 -84 0
-81 -85 0
-82 -83 0
-82 -84 0
-82 -85 0
-83 -84 0
-83 -85 0
-84 -85 0
86 87 88 89 90 0
-86 -87 0
-86 -88 0
-86 -89 0
-86 -90 0
-87 -88 0
-87 -89 0
-87 -90 0
-88 -89 0
-88 -90 0
-89 -90 0
91 92 93 94 95 0
-91 -92 0
-91 -93 0
-91 -94 0
-91 -95 0
-92 -93 0
-92 -94 0
-92 -95 0
-93 -94 0
-93 -95 0
-94 -95 0
96 97 98 99 100 0
-96 -97 0
-96 -98 0
-96 -99 0
-96 -100 0
-97 -98 0
-97 -99 0
-97 -100 0
-98 -99 0
-98 -100 0
-99 -100 0
101 102 103 104 105 0
-101 -102 0
-101 -103 0
-101 -104 0
-101 -105 0
-102 -103 0
-102 -104 0
-102 -105 0
-103 -104 0
-103 -105 0
-104 -105 0
106 107 108 109 110 0
-106 -107 0
-106 -108 0
-106 -109 0
-106 -110 0
-107 -108 0
-107 -109 0
-107 -110 0
-108 -109 0
-108 -110 0
-109 -110 0
111 112 113 114 115 0
-111 -112 0
-111 -113 0
-111 -114 0
-111 -115 0
-112 -113 0
-112 -114 0
-112 -115 0
-113 -114 0
-113 -115 0
-114 -115 0
116 117 118 119 120 0
-116 -117 0
-116 -118 0
-116 -119 0
-116 -120 0
-117 -118 0
-117 -119 0
-117 -120 0
-118 -119 0
-118 -120 0
-119 -120 0
121 122 123 124 125 0
-121 -122 0
-121 -123 0
-121 -124 0
-121 -125 0
-122 -123 0
-122 -124 0
-122 -125 0
-123 -124 0
-123 -125 0
-124 -125 0
126 127 128 129 130 0
-126 -127 0
-126 -128 0
-126 -129 0
-126 -130 0
-127 -128 0
-127 -129 0
-127 -130 0
-128 -129 0
-128 -130 0
-129 -130 0
131 132 133 134 135 0
-131 -132 0
-131 -133 0
-131 -134 0
-131 -135 0
-132 -133 0
-132 -134 0
-132 -135 0
-133 -134 0
-133 -135 0
-134 -135 0
136 137 138 139 140 0
-136 -137 0
-136 -138 0
-136 -139 0
-136 -140 0
-137 -138 0
-137 -139 0
-137 -140 0
-138 -139 0
-138 -140 0
-139 -140 0
141 142 143 144 145 0
-141 -142 0
-141 -143 0
-141 -144 0
-141 -145 0
-142 -143 0
-142 -144 0
-142 -145 0
-143 -144 0
-143 -145 0
-144 -145 0
146 147 148 149 150 0
-146 -147 0
-146 -148 0
-146 -149 0
-146 -150 0
-147 -148 0
-147 -149 0
-147 -150 0
-148 -149 0
-148 -150 0
-149 -150 0
151 152 153 154 155 0
-151 -152 0
-151 -153 0
-151 -154 0
-151 -155 0
-152 -153 0
-152 -154 0
-152 -155 0
-153 -154 0
-153 -155 0
-154 -155 0
156 157 158 159 160 0
-156 -157 0
-156 -158 0
-156 -159 0
-156 -160 0
-157 -158 0
-157 -159 0
-157 -160 0
-158 -159 0
-158 -160 0
-159 -160 0
161 162 163 164 165 0
-161 -162 0
-161 -163 0
-161 -164 0
-161 -165 0
-162 -163 0
-162 -164 0
-162 -165 0
-163 -164 0
-163 -165 0
-164 -165 0
166 167 168 169 170 0
-166 -167 0
-166 -168 0
-166 -169 0
-166 -170 0
-167 -168 0
-167 -169 0
-167 -170 0
-168 -169 0
-168 -170 0
-169 -170 0
171 172 173 174 175 0
-171 -172 0
-171 -173 0
-171 -174 0
-171 -175 0
-172 -173 0
-172 -174 0
-172 -175 0
-173 -174 0
-173 -175 0
-174 -175 0
1 36 71 106 141 0
-1 -36 0
-1 -71 0
-1 -106 0
-1 -141 0
-36 -71 0
-36 -106 0
-36 -141 0
-71 -106 0
-71 -141 0
-106 -141 0
6 41 76 111 146 0
-6 -41 0
-6 -76 0
-6 -111 0
-6 -146 0
-41 -76 0
-41 -111 0
-41 -146 0
-76 -111 0
-76 -146 0
-111 -146 0
11 46 81 116 151 0
-11 -46 0
-11 -81 0
-11 -116 0
-11 -151 0
-46 -81 0
-46 -116 0
-46 -151 0
-81 -116 0
-81 -151 0
-116 -151 0
16 51 86 121 156 0
-16 -51 0
-16 -86 0
-16 -121 0
-16 -156 0
-51 -86 0
-51 -121 0
-51 -156 0
-86 -121 0
-86 -156 0
-121 -156 0
21 56 91 126 161 0
-21 -56 0
-21 -91 0
-21 -126 0
-21 -161 0
-56 -91 0
-56 -126 0
-56 -161 0
-91 -126 0
-91 -161 0
-126 -161 0
26 61 96 131 166 0
-26 -61 0
-26 -96 0
-26 -131 0
-26 -166 0
-61 -96 0
-61 -131 0
-61 -166 0
-96 -131 0
-96 -166 0
-131 -166 0
31 66 101 136 171 0
-31 -66 0
-31 -101 0
-31 -136 0
-31 -171 0
-66 -101 0
-66 -136 0
-66 -171 0
-101 -136 0
-101 -171 0
-136 -171 0
2 37 72 107 142 0
-2 -37 0
-2 -72 0
-2 -107 0
-2 -142 0
-37 -72 0
-37 -107 0
-37 -142 0
-72 -107 0
-72 -142 0
-107 -142 0
7 42 77 112 147 0
-7 -42 0
-7 -77 0
-7 -112 0
-7 -147 0
-42 -77 0
-42 -112 0
-42 -147 0
-77 -112 0
-77 -147 0
-112 -147 0
12 47 82 117 152 0
-12 -47 0
-12 -82 0
-12 -117 0
-12 -152 0
-47 -82 0
-47 -117 0
-47 -152 0
-82 -117 0
-82 -152 0
-117 -152 0
17 52 87 122 157 0
-17 -52 0
-17 -87 0
-17 -122 0
-17 -157 0
-52 -87 0
-52 -122 0
-52 -157 0
-87 -122 0
-87 -157 0
-122 -157 0
22 57 92 127 162 0
-22 -57 0
-22 -92 0
-22 -127 0
-22 -162 0
-57 -92 0
-57 -127 0
-57 -162 0
-92 -127 0
-92 -162 0
-127 -162 0
27 62 97 132 167 0
-27 -62 0
-27 -97 0
-27 -132 0
-27 -167 0
-62 -97 0
-62 -132 0
-62 -167 0
-97 -132 0
-97 -167 0
-132 -167 0
32 67 102 137 172 0
-32 -67 0
-32 -102 0
-32 -137 0
-32 -172 0
-67 -102 0
-67 -137 0
-67 -172 0
-102 -137 0
-102 -172 0
-137 -172 0
3 38 73 108 143 0
-3 -38 0
-3 -73 0
-3 -108 0
-3 -143 0
-38 -73 0
-38 -108 0
-38 -143 0
-73 -108 0
-73 -143 0
-108 -143 0
8 43 78 113 148 0
-8 -43 0
-8 -78 0
-8 -113 0
-8 -148 0
-43 -78 0
-43 -113 0
-43 -148 0
-78 -113 0
-78 -148 0
-113 -148 0
13 48 83 118 153 0
-13 -48 0
-13 -83 0
-13 -118 0
-13 -153 0
-48 -83 0
-48 -118 0
-48 -153 0
-83 -118 0
-83 -153 0
-118 -153 0
18 53 88 123 158 0
-18 -53 0
-18 -88 0
-18 -123 0
-18 -158 0
-53 -88 0
-53 -123 0
-53 -158 0
-88 -123 0
-88 -158 0
-123 -158 0
23 58 93 128 163 0
-23 -58 0
-23 -93 0
-23 -128 0
-23 -163 0
-58 -93 0
-58 -128 0
-58 -163 0
-93 -128 0
-93 -163 0
-128 -163 0
28 63 98 133 168 0
-28 -63 0
-28 -98 0
-28 -133 0
-28 -168 0
-63 -98 0
-63 -133 0
-63 -168 0
-98 -133 0
-98 -168 0
-133 -168 0
33 68 103 138 173 0
-33 -68 0
-33 -103 0
-33 -138 0
-33 -173 0
-68 -103 0
-68 -138 0
-68 -173 0
-103 -138 0
-103 -173 0
-138 -173 0
4 39 74 109 144 0
-4 -39 0
-4 -74 0
-4 -109 0
-4 -144 0
-39 -74 0
-39 -109 0
-39 -144 0
-74 -109 0
-74 -144 0
-109 -144 0
9 44 79 114 149 0
-9 -44 0
-9 -79 0
-9 -114 0
-9 -149 0
-44 -79 0
-44 -114 0
-44 -149 0
-79 -114 0
-79 -149 0
-114 -149 0
14 49 84 119 154 0
-14 -49 0
-14 -84 0
-14 -119 0
-14 -154 0
-49 -84 0
-49 -119 0
-49 -154 0
-84 -119 0
-84 -154 0
-119 -154 0
19 54 89 124 159 0
-19 -54 0
-19 -89 0
-19 -124 0
-19 -159 0
-54 -89 0
-54 -124 0
-54 -159 0
-89 -124 0
-89 -159 0
-124 -159 0
24 59 94 129 164 0
-24 -59 0
-24 -94 0
-24 -129 0
-24 -164 0
-59 -94 0
-59 -129 0
-59 -164 0
-94 -129 0
-94 -164 0
-129 -164 0
29 64 99 134 169 0
-29 -64 0
-29 -99 0
-29 -134 0
-29 -169 0
-64 -99 0
-64 -134 0
-64 -169 0
-99 -134 0
-99 -169 0
-134 -169 0
34 69 104 139 174 0
-34 -69 0
-34 -104 0
-34 -139 0
-34 -174 0
-69 -104 0
-69 -139 0
-69 -174 0
-104 -139 0
-104 -174 0
-139 -174 0
5 40 75 110 145 0
-5 -40 0
-5 -75 0
-5 -110 0
-5 -145 0
-40 -75 0
-40 -110 0
-40 -145 0
-75 -110 0
-75 -145 0
-110 -145 0
10 45 80 115 150 0
-10 -45 0
-10 -80 0
-10 -115 0
-10 -150 0
-45 -80 0
-45 -115 0
-45 -150 0
-80 -115 0
-80 -150 0
-115 -150 0
15 50 85 120 155 0
-15 -50 0
-15 -85 0
-15 -120 0
-15 -155 0
-50 -85 0
-50 -120 0
-50 -155 0
-85 -120 0
-85 -155 0
-120 -155 0
20 55 90 125 160 0
-20 -55 0
-20 -90 0
-20 -125 0
-20 -160 0
-55 -90 0
-55 -125 0
-55 -160 0
-90 -125 0
-90 -160 0
-125 -160 0
25 60 95 130 165 0
-25 -60 0
-25 -95 0
-25 -130 0
-25 -165 0
-60 -95 0
-60 -130 0
-60 -165 0
-95 -130 0
-95 -165 0
-130 -165 0
30 65 100 135 170 0
-30 -65 0
-30 -100 0
-30 -135 0
-30 -170 0
-65 -100 0
-65 -135 0
-65 -170 0
-100 -135 0
-100 -170 0
-135 -170 0
35 70 105 140 175 0
-35 -70 0
-35 -105 0
-35 -140 0
-35 -175 0
-70 -105 0
-70 -140 0
-70 -175 0
-105 -140 0
-105 -175 0
-140 -175 0
-1 -6 0
-2 -7 0
-3 -8 0
-4 -9 0
-5 -10 0
-6 -11 0
-7 -12 0
-8 -13 0
-9 -14 0
-10 -15 0
-11 -16 0
-12 -17 0
-13 -18 0
-14 -19 0
-15 -20 0
-16 -21 0
-17 -22 0
-18 -23 0
-19 -24 0
-20 -25 0
-21 -26 0
-22 -27 0
-23 -28 0
-24 -29 0
-25 -30 0
-26 -31 0
-27 -32 0
-28 -33 0
-29 -34 0
-30 -35 0
-36 -41 0
-37 -42 0
-38 -43 0
-39 -44 0
-40 -45 0
-41 -46 0
-42 -47 0
-43 -48 0
-44 -49 0
-45 -50 0
-46 -51 0
-47 -52 0
-48 -53 0
-49 -54 0
-50 -55 0
-51 -56 0
-52 -57 0
-53 -58 0
-54 -59 0
-55 -60 0
-56 -61 0
-57 -62 0
-58 -63 0
-59 -64 0
-60 -65 0
-61 -66 0
-62 -67 0
-63 -68 0
-64 -69 0
-65 -70 0
-71 -76 0
-72 -77 0
-73 -78 0
-74 -79 0
-75 -80 0
-76 -81 0
-77 -82 0
-78 -83 0
-79 -84 0
-80 -85 0
-81 -86 0
-82 -87 0
-83 -88 0
-84 -89 0
-85 -90 0
-86 -91 0
-87 -92 0
-88 -93 0
-89 -94 0
-90 -95 0
-91 -96 0
-92 -97 0
-93 -98 0
-94 -99 0
-95 -100 0
-96 -101 0
-97 -102 0
-98 -103 0
-99 -104 0
-100 -105 0
-106 -111 0
-107 -112 0
-108 -113 0
-109 -114 0
-110 -115 0
-111 -116 0
-112 -117 0
-113 -118 0
-114 -119 0
-115 -120 0
-116 -121 0
-117 -122 0
-118 -123 0
-119 -124 0
-120 -125 0
-121 -126 0
-122 -127 0
-123 -128 0
-124 -129 0
-125 -130 0
-126 -131 0
-127 -132 0
-128 -133 0
-129 -134 0
-130 -135 0
-131 -136 0
-132 -137 0
-133 -138 0
-134 -139 0
-135 -140 0
-141 -146 0
-142 -147 0
-143 -148 0
-144 -149 0
-145 -150 0
-146 -151 0
-147 -152 0
-148 -153 0
-149 -154 0
-150 -155 0
-151 -156 0
-152 -157 0
-153 -158 0
-154 -159 0
-155 -160 0
-156 -161 0
-157 -162 0
-158 -163 0
-159 -164 0
-160 -165 0
-161 -166 0
-162 -167 0
-163 -168 0
-164 -169 0
-165 -170 0
-166 -171 0
-167 -172 0
-168 -173 0
-169 -174 0
-170 -175 0
-1 -7 176 0
7 -176 0
1 -176 0
-1 -8 177 0
8 -177 0
1 -177 0
-1 -9 178 0
9 -178 0
1 -178 0
-1 -10 179 0
10 -179 0
1 -179 0
-2 -6 180 0
6 -180 0
2 -180 0
-2 -8 181 0
8 -181 0
2 -181 0
-2 -9 182 0
9 -182 0
2 -182 0
-2 -10 183 0
10 -183 0
2 -183 0
-3 -6 184 0
6 -184 0
3 -184 0
-3 -7 185 0
7 -185 0
3 -185 0
-3 -9 186 0
9 -186 0
3 -186 0
-3 -10 187 0
10 -187 0
3 -187 0
-4 -6 188 0
6 -188 0
4 -188 0
-4 -7 189 0
7 -189 0
4 -189 0
-4 -8 190 0
8 -190 0
4 -190 0
-4 -10 191 0
10 -191 0
4 -191 0
-5 -6 192 0
6 -192 0
5 -192 0
-5 -7 193 0
7 -193 0
5 -193 0
-5 -8 194 0
8 -194 0
5 -194 0
-5 -9 195 0
9 -195 0
5 -195 0
-6 -12 196 0
12 -196 0
6 -196 0
-6 -13 197 0
13 -197 0
6 -197 0
-6 -14 198 0
14 -198 0
6 -198 0
-6 -15 199 0
15 -199 0
6 -199 0
-7 -11 200 0
11 -200 0
7 -200 0
-7 -13 201 0
13 -201 0
7 -201 0
-7 -14 202 0
14 -202 0
7 -202 0
-7 -15 203 0
15 -203 0
7 -203 0
-8 -11 204 0
11 -204 0
8 -204 0
-8 -12 205 0
12 -205 0
8 -205 0
-8 -14 206 0
14 -206 0
8 -206 0
-8 -15 207 0
15 -207 0
8 -207 0
-9 -11 208 0
11 -208 0
9 -208 0
-9 -12 209 0
12 -209 0
9 -209 0
-9 -13 210 0
13 -210 0
9 -210 0
-9 -15 211 0
15 -211 0
9 -211 0
-10 -11 212 0
11 -212 0
10 -212 0
-10 -12 213 0
12 -213 0
10 -213 0
-10 -13 214 0
13 -214 0
10 -214 0
-10 -14 215 0
14 -215 0
10 -215 0
-11 -17 216 0
17 -216 0
11 -216 0
-11 -18 217 0
18 -217 0
11 -217 0
-11 -19 218 0
19 -218 0
11 -218 0
-11 -20 219 0
20 -219 0
11 -219 0
-12 -16 220 0
16 -220 0
12 -220 0
-12 -18 221 0
18 -221 0
12 -221 0
-12 -19 222 0
19 -222 0
12 -222 0
-12 -20 223 0
20 -223 0
12 -223 0
-13 -16 224 0
16 -224 0
13 -224 0
-13 -17 225 0
17 -225 0
13 -225 0
-13 -19 226 0
19 -226 0
13 -226 0
-13 -20 227 0
20 -227 0
13 -227 0
-14 -16 228 0
16 -228 0
14 -228 0
-14 -17 229 0
17 -229 0
14 -229 0
-14 -18 230 0
18 -230 0
14 -230 0
-14 -20 231 0
20 -231 0
14 -231 0
-15 -16 232 0
16 -232 0
15 -232 0
-15 -17 233 0
17 -233 0
15 -233 0
-15 -18 234 0
18 -234 0
15 -234 0
-15 -19 235 0
19 -235 0
15 -235 0
-16 -22 236 0
22 -236 0
16 -236 0
-16 -23 237 0
23 -237 0
16 -237 0
-16 -24 238 0
24 -238 0
16 -238 0
-16 -25 239 0
25 -239 0
16 -239 0
-17 -21 240 0
21 -240 0
17 -240 0
-17 -23 241 0
23 -241 0
17 -241 0
-17 -24 242 0
24 -242 0
17 -242 0
-17 -25 243 0
25 -243 0
17 -243 0
-18 -21 244 0
21 -244 0
18 -244 0
-18 -22 245 0
22 -245 0
18 -245 0
-18 -24 246 0
24 -246 0
18 -246 0
-18 -25 247 0
25 -247 0
18 -247 0
-19 -21 248 0
21 -248 0
19 -248 0
-19 -22 249 0
22 -249 0
19 -249 0
-19 -23 250 0
23 -250 0
19 -250 0
-19 -25 251 0
25 -251 0
19 -251 0
-20 -21 252 0
21 -252 0
20 -252 0
-20 -22 253 0
22 -253 0
20 -253 0
-20 -23 254 0
23 -254 0
20 -254 0
-20 -24 255 0
24 -255 0
20 -255 0
-21 -27 256 0
27 -256 0
21 -256 0
-21 -28 257 0
28 -257 0
21 -257 0
-21 -29 258 0
29 -258 0
21 -258 0
-21 -30 259 0
30 -259 0
21 -259 0
-22 -26 260 0
26 -260 0
22 -260 0
-22 -28 261 0
28 -261 0
22 -261 0
-22 -29 262 0
29 -262 0
22 -262 0
-22 -30 263 0
30 -263 0
22 -263 0
-23 -26 264 0
26 -264 0
23 -264 0
-23 -27 265 0
27 -265 0
23 -265 0
-23 -29 266 0
29 -266 0
23 -266 0
-23 -30 267 0
30 -267 0
23 -267 0
-24 -26 268 0
26 -268 0
24 -268 0
-24 -27 269 0
27 -269 0
24 -269 0
-24 -28 270 0
28 -270 0
24 -270 0
-24 -30 271 0
30 -271 0
24 -271 0
-25 -26 272 0
26 -272 0
25 -272 0
-25 -27 273 0
27 -273 0
25 -273 0
-25 -28 274 0
28 -274 0
25 -274 0
-25 -29 275 0
29 -275 0
25 -275 0
-26 -32 276 0
32 -276 0
26 -276 0
-26 -33 277 0
33 -277 0
26 -277 0
-26 -34 278 0
34 -278 0
26 -278 0
-26 -35 279 0
35 -279 0
26 -279 0
-27 -31 280 0
31 -280 0
27 -280 0
-27 -33 281 0
33 -281 0
27 -281 0
-27 -34 282 0
34 -282 0
27 -282 0
-27 -35 283 0
35 -283 0
27 -283 0
-28 -31 284 0
31 -284 0
28 -284 0
-28 -32 285 0
32 -285 0
28 -285 0
-28 -34 286 0
34 -286 0
28 -286 0
-28 -35 287 0
35 -287 0
28 -287 0
-29 -31 288 0
31 -288 0
29 -288 0
-29 -32 289 0
32 -289 0
29 -289 0
-29 -33 290 0
33 -290 0
29 -290 0
-29 -35 291 0
35 -291 0
29 -291 0
-30 -31 292 0
31 -292 0
30 -292 0
-30 -32 293 0
32 -293 0
30 -293 0
-30 -33 294 0
33 -294 0
30 -294 0
-30 -34 295 0
34 -295 0
30 -295 0
-36 -42 296 0
42 -296 0
36 -296 0
-36 -43 297 0
43 -297 0
36 -297 0
-36 -44 298 0
44 -298 0
36 -298 0
-36 -45 299 0
45 -299 0
36 -299 0
-37 -41 300 0
41 -300 0
37 -300 0
-37 -43 301 0
43 -301 0
37 -301 0
-37 -44 302 0
44 -302 0
37 -302 0
-37 -45 303 0
45 -303 0
37 -303 0
-38 -41 304 0
41 -304 0
38 -304 0
-38 -42 305 0
42 -305 0
38 -305 0
-38 -44 306 0
44 -306 0
38 -306 0
-38 -45 307 0
45 -307 0
38 -307 0
-39 -41 308 0
41 -308 0
39 -308 0
-39 -42 309 0
42 -309 0
39 -309 0
-39 -43 310 0
43 -310 0
39 -310 0
-39 -45 311 0
45 -311 0
39 -311 0
-40 -41 312 0
41 -312 0
40 -312 0
-40 -42 313 0
42 -313 0
40 -313 0
-40 -43 314 0
43 -314 0
40 -314 0
-40 -44 315 0
44 -315 0
40 -315 0
-41 -47 316 0
47 -316 0
41 -316 0
-41 -48 317 0
48 -317 0
41 -317 0
-41 -49 318 0
49 -318 0
41 -318 0
-41 -50 319 0
50 -319 0
41 -319 0
-42 -46 320 0
46 -320 0
42 -320 0
-42 -48 321 0
48 -321 0
42 -321 0
-42 -49 322 0
49 -322 0
42 -322 0
-42 -50 323 0
50 -323 0
42 -323 0
-43 -46 324 0
46 -324 0
43 -324 0
-43 -47 325 0
47 -325 0
43 -325 0
-43 -49 326 0
49 -326 0
43 -326 0
-43 -50 327 0
50 -327 0
43 -327 0
-44 -46 328 0
46 -328 0
44 -328 0
-44 -47 329 0
47 -329 0
44 -329 0
-44 -48 330 0
48 -330 0
44 -330 0
-44 -50 331 0
50 -331 0
44 -331 0
-45 -46 332 0
46 -332 0
45 -332 0
-45 -47 333 0
47 -333 0
45 -333 0
-45 -48 334 0
48 -334 0
45 -334 0
-45 -49 335 0
49 -335 0
45 -335 0
-46 -52 336 0
52 -336 0
46 -336 0
-46 -53 337 0
53 -337 0
46 -337 0
-46 -54 338 0
54 -338 0
46 -338 0
-46 -55 339 0
55 -339 0
46 -339 0
-47 -51 340 0
51 -340 0
47 -340 0
-47 -53 341 0
53 -341 0
47 -341 0
-47 -54 342 0
54 -342 0
47 -342 0
-47 -55 343 0
55 -343 0
47 -343 0
-48 -51 344 0
51 -344 0
48 -344 0
-48 -52 345 0
52 -345 0
48 -345 0
-48 -54 346 0
54 -346 0
48 -346 0
-48 -55 347 0
55 -347 0
48 -347 0
-49 -51 348 0
51 -348 0
49 -348 0
-49 -52 349 0
52 -349 0
49 -349 0
-49 -53 350 0
53 -350 0
49 -350 0
-49 -55 351 0
55 -351 0
49 -351 0
-50 -51 352 0
51 -352 0
50 -352 0
-50 -52 353 0
52 -353 0
50 -353 0
-50 -53 354 0
53 -354 0
50 -354 0
-50 -54 355 0
54 -355 0
50 -355 0
-51 -57 356 0
57 -356 0
51 -356 0
-51 -58 357 0
58 -357 0
51 -357 0
-51 -59 358 0
59 -358 0
51 -358 0
-51 -60 359 0
60 -359 0
51 -359 0
-52 -56 360 0
56 -360 0
52 -360 0
-52 -58 361 0
58 -361 0
52 -361 0
-52 -59 362 0
59 -362 0
52 -362 0
-52 -60 363 0
60 -363 0
52 -363 0
-53 -56 364 0
56 -364 0
53 -364 0
-53 -57 365 0
57 -365 0
53 -365 0
-53 -59 366 0
59 -366 0
53 -366 0
-53 -60 367 0
60 -367 0
53 -367 0
-54 -56 368 0
56 -368 0
54 -368 0
-54 -57 369 0
57 -369 0
54 -369 0
-54 -58 370 0
58 -370 0
54 -370 0
-54 -60 371 0
60 -371 0
54 -371 0
-55 -56 372 0
56 -372 0
55 -372 0
-55 -57 373 0
57 -373 0
55 -373 0
-55 -58 374 0
58 -374 0
55 -374 0
-55 -59 375 0
59 -375 0
55 -375 0
-56 -62 376 0
62 -376 0
56 -376 0
-56 -63 377 0
63 -377 0
56 -377 0
-56 -64 378 0
64 -378 0
56 -378 0
-56 -65 379 0
65 -379 0
56 -379 0
-57 -61 380 0
61 -380 0
57 -380 0
-57 -63 381 0
63 -381 0
57 -381 0
-57 -64 382 0
64 -382 0
57 -382 0
-57 -65 383 0
65 -383 0
57 -383 0
-58 -61 384 0
61 -384 0
58 -384 0
-58 -62 385 0
62 -385 0
58 -385 0
-58 -64 386 0
64 -386 0
58 -386 0
-58 -65 387 0
65 -387 0
58 -387 0
-59 -61 388 0
61 -388 0
59 -388 0
-59 -62 389 0
62 -389 0
59 -389 0
-59 -63 390 0
63 -390 0
59 -390 0
-59 -65 391 0
65 -391 0
59 -391 0
-60 -61 392 0
61 -392 0
60 -392 0
-60 -62 393 0
62 -393 0
60 -393 0
-60 -63 394 0
63 -394 0
60 -394 0
-60 -64 395 0
64 -395 0
60 -395 0
-61 -67 396 0
67 -396 0
61 -396 0
-61 -68 397 0
68 -397 0
61 -397 0
-61 -69 398 0
69 -398 0
61 -398 0
-61 -70 399 0
70 -399 0
61 -399 0
-62 -66 400 0
66 -400 0
62 -400 0
-62 -68 401 0
68 -401 0
62 -401 0
-62 -69 402 0
69 -402 0
62 -402 0
-62 -70 403 0
70 -403 0
62 -403 0
-63 -66 404 0
66 -404 0
63 -404 0
-63 -67 405 0
67 -405 0
63 -405 0
-63 -69 406 0
69 -406 0
63 -406 0
-63 -70 407 0
70 -407 0
63 -407 0
-64 -66 408 0
66 -408 0
64 -408 0
-64 -67 409 0
67 -409 0
64 -409 0
-64 -68 410 0
68 -410 0
64 -410 0
-64 -70 411 0
70 -411 0
64 -411 0
-65 -66 412 0
66 -412 0
65 -412 0
-65 -67 413 0
67 -413 0
65 -413 0
-65 -68 414 0
68 -414 0
65 -414 0
-65 -69 415 0
69 -415 0
65 -415 0
-71 -77 416 0
77 -416 0
71 -416 0
-71 -78 417 0
78 -417 0
71 -417 0
-71 -79 418 0
79 -418 0
71 -418 0
-71 -80 419 0
80 -419 0
71 -419 0
-72 -76 420 0
76 -420 0
72 -420 0
-72 -78 421 0
78 -421 0
72 -421 0
-72 -79 422 0
79 -422 0
72 -422 0
-72 -80 423 0
80 -423 0
72 -423 0
-73 -76 424 0
76 -424 0
73 -424 0
-73 -77 425 0
77 -425 0
73 -425 0
-73 -79 426 0
79 -426 0
73 -426 0
-73 -80 427 0
80 -427 0
73 -427 0
-74 -76 428 0
76 -428 0
74 -428 0
-74 -77 429 0
77 -429 0
74 -429 0
-74 -78 430 0
78 -430 0
74 -430 0
-74 -80 431 0
80 -431 0
74 -431 0
-75 -76 432 0
76 -432 0
75 -432 0
-75 -77 433 0
77 -433 0
75 -433 0
-75 -78 434 0
78 -434 0
75 -434 0
-75 -79 435 0
79 -435 0
75 -435 0
-76 -82 436 0
82 -436 0
76 -436 0
-76 -83 437 0
83 -437 0
76 -437 0
-76 -84 438 0
84 -438 0
76 -438 0
-76 -85 439 0
85 -439 0
76 -439 0
-77 -81 440 0
81 -440 0
77 -440 0
-77 -83 441 0
83 -441 0
77 -441 0
-77 -84 442 0
84 -442 0
77 -442 0
-77 -85 443 0
85 -443 0
77 -443 0
-78 -81 444 0
81 -444 0
78 -444 0
-78 -82 445 0
82 -445 0
78 -445 0
-78 -84 446 0
84 -446 0
78 -446 0
-78 -85 447 0
85 -447 0
78 -447 0
-79 -81 448 0
81 -448 0
79 -448 0
-79 -82 449 0
82 -449 0
79 -449 0
-79 -83 450 0
83 -450 0
79 -450 0
-79 -85 451 0
85 -451 0
79 -451 0
-80 -81 452 0
81 -452 0
80 -452 0
-80 -82 453 0
82 -453 0
80 -453 0
-80 -83 454 0
83 -454 0
80 -454 0
-80 -84 455 0
84 -455 0
80 -455 0
-81 -87 456 0
87 -456 0
81 -456 0
-81 -88 457 0
88 -457 0
81 -457 0
-81 -89 458 0
89 -458 0
81 -458 0
-81 -90 459 0
90 -459 0
81 -459 0
-82 -86 460 0
86 -460 0
82 -460 0
-82 -88 461 0
88 -461 0
82 -461 0
-82 -89 462 0
89 -462 0
82 -462 0
-82 -90 463 0
90 -463 0
82 -463 0
-83 -86 464 0
86 -464 0
83 -464 0
-83 -87 465 0
87 -465 0
83 -465 0
-83 -89 466 0
89 -466 0
83 -466 0
-83 -90 467 0
90 -467 0
83 -467 0
-84 -86 468 0
86 -468 0
84 -468 0
-84 -87 469 0
87 -469 0
84 -469 0
-84 -88 470 0
88 -470 0
84 -470 0
-84 -90 471 0
90 -471 0
84 -471 0
-85 -86 472 0
86 -472 0
85 -472 0
-85 -87 473 0
87 -473 0
85 -473 0
-85 -88 474 0
88 -474 0
85 -474 0
-85 -89 475 0
89 -475 0
85 -475 0
-86 -92 476 0
92 -476 0
86 -476 0
-86 -93 477 0
93 -477 0
86 -477 0
-86 -94 478 0
94 -478 0
86 -478 0
-86 -95 479 0
95 -479 0
86 -479 0
-87 -91 480 0
91 -480 0
87 -480 0
-87 -93 481 0
93 -481 0
87 -481 0
-87 -94 482 0
94 -482 0
87 -482 0
-87 -95 483 0
95 -483 0
87 -483 0
-88 -91 484 0
91 -484 0
88 -484 0
-88 -92 485 0
92 -485 0
88 -485 0
-88 -94 486 0
94 -486 0
88 -486 0
-88 -95 487 0
95 -487 0
88 -487 0
-89 -91 488 0
91 -488 0
89 -488 0
-89 -92 489 0
92 -489 0
89 -489 0
-89 -93 490 0
93 -490 0
89 -490 0
-89 -95 491 0
95 -491 0
89 -491 0
-90 -91 492 0
91 -492 0
90 -492 0
-90 -92 493 0
92 -493 0
90 -493 0
-90 -93 494 0
93 -494 0
90 -494 0
-90 -94 495 0
94 -495 0
90 -495 0
-91 -97 496 0
97 -496 0
91 -496 0
-91 -98 497 0
98 -497 0
91 -497 0
-91 -99 498 0
99 -498 0
91 -498 0
-91 -100 499 0
100 -499 0
91 -499 0
-92 -96 500 0
96 -500 0
92 -500 0
-92 -98 501 0
98 -501 0
92 -501 0
-92 -99 502 0
99 -502 0
92 -502 0
-92 -100 503 0
100 -503 0
92 -503 0
-93 -96 504 0
96 -504 0
93 -504 0
-93 -97 505 0
97 -505 0
93 -505 0
-93 -99 506 0
99 -506 0
93 -506 0
-93 -100 507 0
100 -507 0
93 -507 0
-94 -96 508 0
96 -508 0
94 -508 0
-94 -97 509 0
97 -509 0
94 -509 0
-94 -98 510 0
98 -510 0
94 -510 0
-94 -100 511 0
100 -511 0
94 -511 0
-95 -96 512 0
96 -512 0
95 -512 0
-95 -97 513 0
97 -513 0
95 -513 0
-95 -98 514 0
98 -514 0
95 -514 0
-95 -99 515 0
99 -515 0
95 -515 0
-96 -102 516 0
102 -516 0
96 -516 0
-96 -103 517 0
103 -517 0
96 -517 0
-96 -104 518 0
104 -518 0
96 -518 0
-96 -105 519 0
105 -519 0
96 -519 0
-97 -101 520 0
101 -520 0
97 -520 0
-97 -103 521 0
103 -521 0
97 -521 0
-97 -104 522 0
104 -522 0
97 -522 0
-97 -105 523 0
105 -523 0
97 -523 0
-98 -101 524 0
101 -524 0
98 -524 0
-98 -102 525 0
102 -525 0
98 -525 0
-98 -104 526 0
104 -526 0
98 -526 0
-98 -105 527 0
105 -527 0
98 -527 0
-99 -101 528 0
101 -528 0
99 -528 0
-99 -102 529 0
102 -529 0
99 -529 0
-99 -103 530 0
103 -530 0
99 -530 0
-99 -105 531 0
105 -531 0
99 -531 0
-100 -101 532 0
101 -532 0
100 -532 0
-100 -102 533 0
102 -533 0
100 -533 0
-100 -103 534 0
103 -534 0
100 -534 0
-100 -104 535 0
104 -535 0
100 -535 0
-106 -112 536 0
112 -536 0
106 -536 0
-106 -113 537 0
113 -537 0
106 -537 0
-106 -114 538 0
114 -538 0
106 -538 0
-106 -115 539 0
115 -539 0
106 -539 0
-107 -111 540 0
111 -540 0
107 -540 0
-107 -113 541 0
113 -541 0
107 -541 0
-107 -114 542 0
114 -542 0
107 -542 0
-107 -115 543 0
115 -543 0
107 -543 0
-108 -111 544 0
111 -544 0
108 -544 0
-108 -112 545 0
112 -545 0
108 -545 0
-108 -114 546 0
114 -546 0
108 -546 0
-108 -115 547 0
115 -547 0
108 -547 0
-109 -111 548 0
111 -548 0
109 -548 0
-109 -112 549 0
112 -549 0
109 -549 0
-109 -113 550 0
113 -550 0
109 -550 0
-109 -115 551 0
115 -551 0
109 -551 0
-110 -111 552 0
111 -552 0
110 -552 0
-110 -112 553 0
112 -553 0
110 -553 0
-110 -113 554 0
113 -554 0
110 -554 0
-110 -114 555 0
114 -555 0
110 -555 0
-111 -117 556 0
117 -556 0
111 -556 0
-111 -118 557 0
118 -557 0
111 -557 0
-111 -119 558 0
119 -558 0
111 -558 0
-111 -120 559 0
120 -559 0
111 -559 0
-112 -116 560 0
116 -560 0
112 -560 0
-112 -118 561 0
118 -561 0
112 -561 0
-112 -119 562 0
119 -562 0
112 -562 0
-112 -120 563 0
120 -563 0
112 -563 0
-113 -116 564 0
116 -564 0
113 -564 0
-113 -117 565 0
117 -565 0
113 -565 0
-113 -119 566 0
119 -566 0
113 -566 0
-113 -120 567 0
120 -567 0
113 -567 0
-114 -116 568 0
116 -568 0
114 -568 0
-114 -117 569 0
117 -569 0
114 -569 0
-114 -118 570 0
118 -570 0
114 -570 0
-114 -120 571 0
120 -571 0
114 -571 0
-115 -116 572 0
116 -572 0
115 -572 0
-115 -117 573 0
117 -573 0
115 -573 0
-115 -118 574 0
118 -574 0
115 -574 0
-115 -119 575 0
119 -575 0
115 -575 0
-116 -122 576 0
122 -576 0
116 -576 0
-116 -123 577 0
123 -577 0
116 -577 0
-116 -124 578 0
124 -578 0
116 -578 0
-116 -125 579 0
125 -579 0
116 -579 0
-117 -121 580 0
121 -580 0
117 -580 0
-117 -123 581 0
123 -581 0
117 -581 0
-117 -124 582 0
124 -582 0
117 -582 0
-117 -125 583 0
125 -583 0
117 -583 0
-118 -121 584 0
121 -584 0
118 -584 0
-118 -122 585 0
122 -585 0
118 -585 0
-118 -124 586 0
124 -586 0
118 -586 0
-118 -125 587 0
125 -587 0
118 -587 0
-119 -121 588 0
121 -588 0
119 -588 0
-119 -122 589 0
122 -589 0
119 -589 0
-119 -123 590 0
123 -590 0
119 -590 0
-119 -125 591 0
125 -591 0
119 -591 0
-120 -121 592 0
121 -592 0
120 -592 0
-120 -122 593 0
122 -593 0
120 -593 0
-120 -123 594 0
123 -594 0
120 -594 0
-120 -124 595 0
124 -595 0
120 -595 0
-121 -127 596 0
127 -596 0
121 -596 0
-121 -128 597 0
128 -597 0
121 -597 0
-121 -129 598 0
129 -598 0
121 -598 0
-121 -130 599 0
130 -599 0
121 -599 0
-122 -126 600 0
126 -600 0
122 -600 0
-122 -128 601 0
128 -601 0
122 -601 0
-122 -129 602 0
129 -602 0
122 -602 0
-122 -130 603 0
130 -603 0
122 -603 0
-123 -126 604 0
126 -604 0
123 -604 0
-123 -127 605 0
127 -605 0
123 -605 0
-123 -129 606 0
129 -606 0
123 -606 0
-123 -130 607 0
130 -607 0
123 -607 0
-124 -126 608 0
126 -608 0
124 -608 0
-124 -127 609 0
127 -609 0
124 -609 0
-124 -128 610 0
128 -610 0
124 -610 0
-124 -130 611 0
130 -611 0
124 -611 0
-125 -126 612 0
126 -612 0
125 -612 0
-125 -127 613 0
127 -613 0
125 -613 0
-125 -128 614 0
128 -614 0
125 -614 0
-125 -129 615 0
129 -615 0
125 -615 0
-126 -132 616 0
132 -616 0
126 -616 0
-126 -133 617 0
133 -617 0
126 -617 0
-126 -134 618 0
134 -618 0
126 -618 0
-126 -135 619 0
135 -619 0
126 -619 0
-127 -131 620 0
131 -620 0
127 -620 0
-127 -133 621 0
133 -621 0
127 -621 0
-127 -134 622 0
134 -622 0
127 -622 0
-127 -135 623 0
135 -623 0
127 -623 0
-128 -131 624 0
131 -624 0
128 -624 0
-128 -132 625 0
132 -625 0
128 -625 0
-128 -134 626 0
134 -626 0
128 -626 0
-128 -135 627 0
135 -627 0
128 -627 0
-129 -131 628 0
131 -628 0
129 -628 0
-129 -132 629 0
132 -629 0
129 -629 0
-129 -133 630 0
133 -630 0
129 -630 0
-129 -135 631 0
135 -631 0
129 -631 0
-130 -131 632 0
131 -632 0
130 -632 0
-130 -132 633 0
132 -633 0
130 -633 0
-130 -133 634 0
133 -634 0
130 -634 0
-130 -134 635 0
134 -635 0
130 -635 0
-131 -137 636 0
137 -636 0
131 -636 0
-131 -138 637 0
138 -637 0
131 -637 0
-131 -139 638 0
139 -638 0
131 -638 0
-131 -140 639 0
140 -639 0
131 -639 0
-132 -136 640 0
136 -640 0
132 -640 0
-132 -138 641 0
138 -641 0
132 -641 0
-132 -139 642 0
139 -642 0
132 -642 0
-132 -140 643 0
140 -643 0
132 -643 0
-133 -136 644 0
136 -644 0
133 -644 0
-133 -137 645 0
137 -645 0
133 -645 0
-133 -139 646 0
139 -646 0
133 -646 0
-133 -140 647 0
140 -647 0
133 -647 0
-134 -136 648 0
136 -648 0
134 -648 0
-134 -137 649 0
137 -649 0
134 -649 0
-134 -138 650 0
138 -650 0
134 -650 0
-134 -140 651 0
140 -651 0
134 -651 0
-135 -136 652 0
136 -652 0
135 -652 0
-135 -137 653 0
137 -653 0
135 -653 0
-135 -138 654 0
138 -654 0
135 -654 0
-135 -139 655 0
139 -655 0
135 -655 0
-141 -147 656 0
147 -656 0
141 -656 0
-141 -148 657 0
148 -657 0
141 -657 0
-141 -149 658 0
149 -658 0
141 -658 0
-141 -150 659 0
150 -659 0
141 -659 0
-142 -146 660 0
146 -660 0
142 -660 0
-142 -148 661 0
148 -661 0
142 -661 0
-142 -149 662 0
149 -662 0
142 -662 0
-142 -150 663 0
150 -663 0
142 -663 0
-143 -146 664 0
146 -664 0
143 -664 0
-143 -147 665 0
147 -665 0
143 -665 0
-143 -149 666 0
149 -666 0
143 -666 0
-143 -150 667 0
150 -667 0
143 -667 0
-144 -146 668 0
146 -668 0
144 -668 0
-144 -147 669 0
147 -669 0
144 -669 0
-144 -148 670 0
148 -670 0
144 -670 0
-144 -150 671 0
150 -671 0
144 -671 0
-145 -146 672 0
146 -672 0
145 -672 0
-145 -147 673 0
147 -673 0
145 -673 0
-145 -148 674 0
148 -674 0
145 -674 0
-145 -149 675 0
149 -675 0
145 -675 0
-146 -152 676 0
152 -676 0
146 -676 0
-146 -153 677 0
153 -677 0
146 -677 0
-146 -154 678 0
154 -678 0
146 -678 0
-146 -155 679 0
155 -679 0
146 -679 0
-147 -151 680 0
151 -680 0
147 -680 0
-147 -153 681 0
153 -681 0
147 -681 0
-147 -154 682 0
154 -682 0
147 -682 0
-147 -155 683 0
155 -683 0
147 -683 0
-148 -151 684 0
151 -684 0
148 -684 0
-148 -152 685 0
152 -685 0
148 -685 0
-148 -154 686 0
154 -686 0
148 -686 0
-148 -155 687 0
155 -687 0
148 -687 0
-149 -151 688 0
151 -688 0
149 -688 0
-149 -152 689 0
152 -689 0
149 -689 0
-149 -153 690 0
153 -690 0
149 -690 0
-149 -155 691 0
155 -691 0
149 -691 0
-150 -151 692 0
151 -692 0
150 -692 0
-150 -152 693 0
152 -693 0
150 -693 0
-150 -153 694 0
153 -694 0
150 -694 0
-150 -154 695 0
154 -695 0
150 -695 0
-151 -157 696 0
157 -696 0
151 -696 0
-151 -158 697 0
158 -697 0
151 -697 0
-151 -159 698 0
159 -698 0
151 -698 0
-151 -160 699 0
160 -699 0
151 -699 0
-152 -156 700 0
156 -700 0
152 -700 0
-152 -158 701 0
158 -701 0
152 -701 0
-152 -159 702 0
159 -702 0
152 -702 0
-152 -160 703 0
160 -703 0
152 -703 0
-153 -156 704 0
156 -704 0
153 -704 0
-153 -157 705 0
157 -705 0
153 -705 0
-153 -159 706 0
159 -706 0
153 -706 0
-153 -160 707 0
160 -707 0
153 -707 0
-154 -156 708 0
156 -708 0
154 -708 0
-154 -157 709 0
157 -709 0
154 -709 0
-154 -158 710 0
158 -710 0
154 -710 0
-154 -160 711 0
160 -711 0
154 -711 0
-155 -156 712 0
156 -712 0
155 -712 0
-155 -157 713 0
157 -713 0
155 -713 0
-155 -158 714 0
158 -714 0
155 -714 0
-155 -159 715 0
159 -715 0
155 -715 0
-156 -162 716 0
162 -716 0
156 -716 0
-156 -163 717 0
163 -717 0
156 -717 0
-156 -164 718 0
164 -718 0
156 -718 0
-156 -165 719 0
165 -719 0
156 -719 0
-157 -161 720 0
161 -720 0
157 -720 0
-157 -163 721 0
163 -721 0
157 -721 0
-157 -164 722 0
164 -722 0
157 -722 0
-157 -165 723 0
165 -723 0
157 -723 0
-158 -161 724 0
161 -724 0
158 -724 0
-158 -162 725 0
162 -725 0
158 -725 0
-158 -164 726 0
164 -726 0
158 -726 0
-158 -165 727 0
165 -727 0
158 -727 0
-159 -161 728 0
161 -728 0
159 -728 0
-159 -162 729 0
162 -729 0
159 -729 0
-159 -163 730 0
163 -730 0
159 -730 0
-159 -165 731 0
165 -731 0
159 -731 0
-160 -161 732 0
161 -732 0
160 -732 0
-160 -162 733 0
162 -733 0
160 -733 0
-160 -163 734 0
163 -734 0
160 -734 0
-160 -164 735 0
164 -735 0
160 -735 0
-161 -167 736 0
167 -736 0
161 -736 0
-161 -168 737 0
168 -737 0
161 -737 0
-161 -169 738 0
169 -738 0
161 -738 0
-161 -170 739 0
170 -739 0
161 -739 0
-162 -166 740 0
166 -740 0
162 -740 0
-162 -168 741 0
168 -741 0
162 -741 0
-162 -169 742 0
169 -742 0
162 -742 0
-162 -170 743 0
170 -743 0
162 -743 0
-163 -166 744 0
166 -744 0
163 -744 0
-163 -167 745 0
167 -745 0
163 -745 0
-163 -169 746 0
169 -746 0
163 -746 0
-163 -170 747 0
170 -747 0
163 -747 0
-164 -166 748 0
166 -748 0
164 -748 0
-164 -167 749 0
167 -749 0
164 -749 0
-164 -168 750 0
168 -750 0
164 -750 0
-164 -170 751 0
170 -751 0
164 -751 0
-165 -166 752 0
166 -752 0
165 -752 0
-165 -167 753 0
167 -753 0
165 -753 0
-165 -168 754 0
168 -754 0
165 -754 0
-165 -169 755 0
169 -755 0
165 -755 0
-166 -172 756 0
172 -756 0
166 -756 0
-166 -173 757 0
173 -757 0
166 -757 0
-166 -174 758 0
174 -758 0
166 -758 0
-166 -175 759 0
175 -759 0
166 -759 0
-167 -171 760 0
171 -760 0
167 -760 0
-167 -173 761 0
173 -761 0
167 -761 0
-167 -174 762 0
174 -762 0
167 -762 0
-167 -175 763 0
175 -763 0
167 -763 0
-168 -171 764 0
171 -764 0
168 -764 0
-168 -172 765 0
172 -765 0
168 -765 0
-168 -174 766 0
174 -766 0
168 -766 0
-168 -175 767 0
175 -767 0
168 -767 0
-169 -171 768 0
171 -768 0
169 -768 0
-169 -172 769 0
172 -769 0
169 -769 0
-169 -173 770 0
173 -770 0
169 -770 0
-169 -175 771 0
175 -771 0
169 -771 0
-170 -171 772 0
171 -772 0
170 -772 0
-170 -172 773 0
172 -773 0
170 -773 0
-170 -173 774 0
173 -774 0
170 -774 0
-170 -174 775 0
174 -775 0
170 -775 0
176 196 216 236 256 276 296 316 336 356 376 396 416 436 456 476 496 516 536 556 576 596 616 636 656 676 696 716 736 756 0
177 197 217 237 257 277 297 317 337 357 377 397 417 437 457 477 497 517 537 557 577 597 617 637 657 677 697 717 737 757 0
178 198 218 238 258 278 298 318 338 358 378 398 418 438 458 478 498 518 538 558 578 598 618 638 658 678 698 718 738 758 0
179 199 219 239 259 279 299 319 339 359 379 399 419 439 459 479 499 519 539 559 579 599 619 639 659 679 699 719 739 759 0
180 200 220 240 260 280 300 320 340 360 380 400 420 440 460 480 500 520 540 560 580 600 620 640 660 680 700 720 740 760 0
181 201 221 241 261 281 301 321 341 361 381 401 421 441 461 481 501 521 541 561 581 601 621 641 661 681 701 721 741 761 0
182 202 222 242 262 282 302 322 342 362 382 402 422 442 462 482 502 522 542 562 582 602 622 642 662 682 702 722 742 762 0
183 203 223 243 263 283 303 323 343 363 383 403 423 443 463 483 503 523 543 563 583 603 623 643 663 683 703 723 743 763 0
184 204 224 244 264 284 304 324 344 364 384 404 424 444 464 484 504 524 544 564 584 604 624 644 664 684 704 724 744 764 0
185 205 225 245 265 285 305 325 345 365 385 405 425 445 465 485 505 525 545 565 585 605 625 645 665 685 705 725 745 765 0
186 206 226 246 266 286 306 326 346 366 386 406 426 446 466 486 506 526 546 566 586 606 626 646 666 686 706 726 746 766 0
187 207 227 247 267 287 307 327 347 367 387 407 427 447 467 487 507 527 547 567 587 607 627 647 667 687 707 727 747 767 0
188 208 228 248 268 288 308 328 348 368 388 408 428 448 468 488 508 528 548 568 588 608 628 648 668 688 708 728 748 768 0
189 209 229 249 269 289 309 329 349 369 389 409 429 449 469 489 509 529 549 569 589 609 629 649 669 689 709 729 749 769 0
190 210 230 250 270 290 310 330 350 370 390 410 430 450 470 490 510 530 550 570 590 610 630 650 670 690 710 730 750 770 0
191 211 231 251 271 291 311 331 351 371 391 411 431 451 471 491 511 531 551 571 591 611 631 651 671 691 711 731 751 771 0
192 212 232 252 272 292 312 332 352 372 392 412 432 452 472 492 512 532 552 572 592 612 632 652 672 692 712 732 752 772 0
193 213 233 253 273 293 313 333 353 373 393 413 433 453 473 493 513 533 553 573 593 613 633 653 673 693 713 733 753 773 0
194 214 234 254 274 294 314 334 354 374 394 414 434 454 474 494 514 534 554 574 594 614 634 654 674 694 714 734 754 774 0
195 215 235 255 275 295 315 335 355 375 395 415 435 455 475 495 515 535 555 575 595 615 635 655 675 695 715 735 755 775 0
-1 -7 -11 0
-36 -42 -46 0
-71 -77 -81 0
-106 -112 -116 0
-141 -147 -151 0
-6 -12 -16 0
-41 -47 -51 0
-76 -82 -86 0
-111 -117 -121 0
-146 -152 -156 0
-11 -17 -21 0
-46 -52 -56 0
-81 -87 -91 0
-116 -122 -126 0
-151 -157 -161 0
-16 -22 -26 0
-51 -57 -61 0
-86 -92 -96 0
-121 -127 -131 0
-156 -162 -166 0
-21 -27 -31 0
-56 -62 -66 0
-91 -97 -101 0
-126 -132 -136 0
-161 -167 -171 0
-1 -7 -14 0
-36 -42 -49 0
-71 -77 -84 0
-106 -112 -119 0
-141 -147 -154 0
-6 -12 -19 0
-41 -47 -54 0
-76 -82 -89 0
-111 -117 -124 0
-146 -152 -159 0
-11 -17 -24 0
-46 -52 -59 0
-81 -87 -94 0
-116 -122 -129 0
-151 -157 -164 0
-16 -22 -29 0
-51 -57 -64 0
-86 -92 -99 0
-121 -127 -134 0
-156 -162 -169 0
-21 -27 -34 0
-56 -62 -69 0
-91 -97 -104 0
-126 -132 -139 0
-161 -167 -174 0
-1 -9 -12 0
-36 -44 -47 0
-71 -79 -82 0
-106 -114 -117 0
-141 -149 -152 0
-6 -14 -17 0
-41 -49 -52 0
-76 -84 -87 0
-111 -119 -122 0
-146 -154 -157 0
-11 -19 -22 0
-46 -54 -57 0
-81 -89 -92 0
-116 -124 -127 0
-151 -159 -162 0
-16 -24 -27 0
-51 -59 -62 0
-86 -94 -97 0
-121 -129 -132 0
-156 -164 -167 0
-21 -29 -32 0
-56 -64 -67 0
-91 -99 -102 0
-126 -134 -137 0
-161 -169 -172 0
-1 -9 -13 0
-36 -44 -48 0
-71 -79 -83 0
-106 -114 -118 0
-141 -149 -153 0
-6 -14 -18 0
-41 -49 -53 0
-76 -84 -88 0
-111 -119 -123 0
-146 -154 -158 0
-11 -19 -23 0
-46 -54 -58 0
-81 -89 -93 0
-116 -124 -128 0
-151 -159 -163 0
-16 -24 -28 0
-51 -59 -63 0
-86 -94 -98 0
-121 -129 -133 0
-156 -164 -168 0
-21 -29 -33 0
-56 -64 -68 0
-91 -99 -103 0
-126 -134 -138 0
-161 -169 -173 0
-2 -6 -12 0
-37 -41 -47 0
-72 -76 -82 0
-107 -111 -117 0
-142 -146 -152 0
-7 -11 -17 0
-42 -46 -52 0
-77 -81 -87 0
-112 -116 -122 0
-147 -151 -157 0
-12 -16 -22 0
-47 -51 -57 0
-82 -86 -92 0
-117 -121 -127 0
-152 -156 -162 0
-17 -21 -27 0
-52 -56 -62 0
-87 -91 -97 0
-122 -126 -132 0
-157 -161 -167 0
-22 -26 -32 0
-57 -61 -67 0
-92 -96 -102 0
-127 -131 -137 0
-162 -166 -172 0
-2 -6 -14 0
-37 -41 -49 0
-72 -76 -84 0
-107 -111 -119 0
-142 -146 -154 0
-7 -11 -19 0
-42 -46 -54 0
-77 -81 -89 0
-112 -116 -124 0
-147 -151 -159 0
-12 -16 -24 0
-47 -51 -59 0
-82 -86 -94 0
-117 -121 -129 0
-152 -156 -164 0
-17 -21 -29 0
-52 -56 -64 0
-87 -91 -99 0
-122 -126 -134 0
-157 -161 -169 0
-22 -26 -34 0
-57 -61 -69 0
-92 -96 -104 0
-127 -131 -139 0
-162 -166 -174 0
-2 -9 -11 0
-37 -44 -46 0
-72 -79 -81 0
-107 -114 -116 0
-142 -149 -151 0
-7 -14 -16 0
-42 -49 -51 0
-77 -84 -86 0
-112 -119 -121 0
-147 -154 -156 0
-12 -19 -21 0
-47 -54 -56 0
-82 -89 -91 0
-117 -124 -126 0
-152 -159 -161 0
-17 -24 -26 0
-52 -59 -61 0
-87 -94 -96 0
-122 -129 -131 0
-157 -164 -166 0
-22 -29 -31 0
-57 -64 -66 0
-92 -99 -101 0
-127 -134 -136 0
-162 -169 -171 0
-2 -9 -12 0
-37 -44 -47 0
-72 -79 -82 0
-107 -114 -117 0
-142 -149 -152 0
-7 -14 -17 0
-42 -49 -52 0
-77 -84 -87 0
-112 -119 -122 0
-147 -154 -157 0
-12 -19 -22 0
-47 -54 -57 0
-82 -89 -92 0
-117 -124 -127 0
-152 -159 -162 0
-17 -24 -27 0
-52 -59 -62 0
-87 -94 -97 0
-122 -129 -132 0
-157 -164 -167 0
-22 -29 -32 0
-57 -64 -67 0
-92 -99 -102 0
-127 -134 -137 0
-162 -169 -172 0
-2 -9 -13 0
-37 -44 -48 0
-72 -79 -83 0
-107 -114 -118 0
-142 -149 -153 0
-7 -14 -18 0
-42 -49 -53 0
-77 -84 -88 0
-112 -119 -123 0
-147 -154 -158 0
-12 -19 -23 0
-47 -54 -58 0
-82 -89 -93 0
-117 -124 -128 0
-152 -159 -163 0
-17 -24 -28 0
-52 -59 -63 0
-87 -94 -98 0
-122 -129 -133 0
-157 -164 -168 0
-22 -29 -33 0
-57 -64 -68 0
-92 -99 -103 0
-127 -134 -138 0
-162 -169 -173 0
-3 -9 -11 0
-38 -44 -46 0
-73 -79 -81 0
-108 -114 -116 0
-143 -149 -151 0
-8 -14 -16 0
-43 -49 -51 0
-78 -84 -86 0
-113 -119 -121 0
-148 -154 -156 0
-13 -19 -21 0
-48 -54 -56 0
-83 -89 -91 0
-118 -124 -126 0
-153 -159 -161 0
-18 -24 -26 0
-53 -59 -61 0
-88 -94 -96 0
-123 -129 -131 0
-158 -164 -166 0
-23 -29 -31 0
-58 -64 -66 0
-93 -99 -101 0
-128 -134 -136 0
-163 -169 -171 0
-3 -9 -12 0
-38 -44 -47 0
-73 -79 -82 0
-108 -114 -117 0
-143 -149 -152 0
-8 -14 -17 0
-43 -49 -52 0
-78 -84 -87 0
-113 -119 -122 0
-148 -154 -157 0
-13 -19 -22 0
-48 -54 -57 0
-83 -89 -92 0
-118 -124 -127 0
-153 -159 -162 0
-18 -24 -27 0
-53 -59 -62 0
-88 -94 -97 0
-123 -129 -132 0
-158 -164 -167 0
-23 -29 -32 0
-58 -64 -67 0
-93 -99 -102 0
-128 -134 -137 0
-163 -169 -172 0
-3 -9 -13 0
-38 -44 -48 0
-73 -79 -83 0
-108 -114 -118 0
-143 -149 -153 0
-8 -14 -18 0
-43 -49 -53 0
-78 -84 -88 0
-113 -119 -123 0
-148 -154 -158 0
-13 -19 -23 0
-48 -54 -58 0
-83 -89 -93 0
-118 -124 -128 0
-153 -159 -163 0
-18 -24 -28 0
-53 -59 -63 0
-88 -94 -98 0
-123 -129 -133 0
-158 -164 -168 0
-23 -29 -33 0
-58 -64 -68 0
-93 -99 -103 0
-128 -134 -138 0
-163 -169 -173 0
-4 -6 -12 0
-39 -41 -47 0
-74 -76 -82 0
-109 -111 -117 0
-144 -146 -152 0
-9 -11 -17 0
-44 -46 -52 0
-79 -81 -87 0
-114 -116 -122 0
-149 -151 -157 0
-14 -16 -22 0
-49 -51 -57 0
-84 -86 -92 0
-119 -121 -127 0
-154 -156 -162 0
-19 -21 -27 0
-54 -56 -62 0
-89 -91 -97 0
-124 -126 -132 0
-159 -161 -167 0
-24 -26 -32 0
-59 -61 -67 0
-94 -96 -102 0
-129 -131 -137 0
-164 -166 -172 0
-4 -7 -11 0
-39 -42 -46 0
-74 -77 -81 0
-109 -112 -116 0
-144 -147 -151 0
-9 -12 -16 0
-44 -47 -51 0
-79 -82 -86 0
-114 -117 -121 0
-149 -152 -156 0
-14 -17 -21 0
-49 -52 -56 0
-84 -87 -91 0
-119 -122 -126 0
-154 -157 -161 0
-19 -22 -26 0
-54 -57 -61 0
-89 -92 -96 0
-124 -127 -131 0
-159 -162 -166 0
-24 -27 -31 0
-59 -62 -66 0
-94 -97 -101 0
-129 -132 -136 0
-164 -167 -171 0
-4 -7 -14 0
-39 -42 -49 0
-74 -77 -84 0
-109 -112 -119 0
-144 -147 -154 0
-9 -12 -19 0
-44 -47 -54 0
-79 -82 -89 0
-114 -117 -124 0
-149 -152 -159 0
-14 -17 -24 0
-49 -52 -59 0
-84 -87 -94 0
-119 -122 -129 0
-154 -157 -164 0
-19 -22 -29 0
-54 -57 -64 0
-89 -92 -99 0
-124 -127 -134 0
-159 -162 -169 0
-24 -27 -34 0
-59 -62 -69 0
-94 -97 -104 0
-129 -132 -139 0
-164 -167 -174 0
-4 -8 -14 0
-39 -43 -49 0
-74 -78 -84 0
-109 -113 -119 0
-144 -148 -154 0
-9 -13 -19 0
-44 -48 -54 0
-79 -83 -89 0
-114 -118 -124 0
-149 -153 -159 0
-14 -18 -24 0
-49 -53 -59 0
-84 -88 -94 0
-119 -123 -129 0
-154 -158 -164 0
-19 -23 -29 0
-54 -58 -64 0
-89 -93 -99 0
-124 -128 -134 0
-159 -163 -169 0
-24 -28 -34 0
-59 -63 -69 0
-94 -98 -104 0
-129 -133 -139 0
-164 -168 -174 0
